198543726643278591527619843914735268876192435235486179462351987381927654759864312
934817256728653419615942738176425893452398167389176542897564321563281974241739685
215983746387654219469271385538716924941325867726849531653198472192437658874562193
473816925628539741195427863732948156941365278586172439217693584864251397359784612
947153682128649357653287491381926745572438916496715238839562174215374869764891523
598163472632784159174259836259418367816937245743526981465892713981375624327641598
913468527458327961627915483731542698296783145584691372179256834842139756365874219
386172954419853672527946813741365298695218437238497561163524789852739146974681325
894163725137582496652974318481237569325896147976451283713649852268715934549328671
275184963486935712391672548539421687764398125128567394917243856643859271852716439
623984517541627398798153426987231645462579831315468972179846253854312769236795184
739845126654192873182376594865439217973251648241687935316524789427968351598713462
813976425697524138245813679329681754561749283784235916472398561958162347136457892
648179325325864179917325468182546937753298614496731582561982743274653891839417256
375162984482397561196458372869714235253986147741523698634271859918645723527839416
